2
10
0 "Circe"
1 "The Hunger Games"
2 "Pride and Prejudice"
3 "Alice's Adventures in Wonderland"
4 "Frankenstein or The Modern Prometheus"
5 "Dracula"
6 "Fourth Wing"
7 "Romeo and Juliet"
8 "1984 (adaptation)"
9 "Lolita"
90
7 2 17
7 4 16
7 3 11
7 5 14
7 9 5
7 8 3
7 1 6
7 0 3
7 6 1
2 7 17
2 4 19
2 3 17
2 5 18
2 9 13
2 8 6
2 1 17
2 0 4
2 6 2
4 7 16
4 2 19
4 3 24
4 5 36
4 9 9
4 8 8
4 1 11
4 0 4
4 6 2
3 7 11
3 2 17
3 4 24
3 5 20
3 9 7
3 8 10
3 1 14
3 0 5
3 6 3
5 7 14
5 2 18
5 4 36
5 3 20
5 9 7
5 8 7
5 1 10
5 0 5
5 6 2
9 7 5
9 2 13
9 4 9
9 3 7
9 5 7
9 8 2
9 1 7
9 0 2
9 6 3
8 7 3
8 2 6
8 4 8
8 3 10
8 5 7
8 9 2
8 1 3
8 0 2
8 6 1
1 7 6
1 2 17
1 4 11
1 3 14
1 5 10
1 9 7
1 8 3
1 0 2
1 6 2
0 7 3
0 2 4
0 4 4
0 3 5
0 5 5
0 9 2
0 8 2
0 1 2
0 6 2
6 7 1
6 2 2
6 4 2
6 3 3
6 5 2
6 9 3
6 8 1
6 1 2
6 0 2
