2
10
0 "Frankenstein or The Modern Prometheus"
1 "Dracula"
2 "The Hunger Games"
3 "Pride and Prejudice"
4 "Fourth Wing"
5 "Alice's Adventures in Wonderland"
6 "1984 (adaptation)"
7 "Romeo and Juliet"
8 "Circe"
9 "Lolita"
90
7 3 17
7 0 16
7 5 11
7 1 14
7 9 5
7 6 3
7 2 6
7 8 3
7 4 1
3 7 17
3 0 19
3 5 17
3 1 18
3 9 13
3 6 6
3 2 17
3 8 4
3 4 2
0 7 16
0 3 19
0 5 24
0 1 36
0 9 9
0 6 8
0 2 11
0 8 4
0 4 2
5 7 11
5 3 17
5 0 24
5 1 20
5 9 7
5 6 10
5 2 14
5 8 5
5 4 3
1 7 14
1 3 18
1 0 36
1 5 20
1 9 7
1 6 7
1 2 10
1 8 5
1 4 2
9 7 5
9 3 13
9 0 9
9 5 7
9 1 7
9 6 2
9 2 7
9 8 2
9 4 3
6 7 3
6 3 6
6 0 8
6 5 10
6 1 7
6 9 2
6 2 3
6 8 2
6 4 1
2 7 6
2 3 17
2 0 11
2 5 14
2 1 10
2 9 7
2 6 3
2 8 2
2 4 2
8 7 3
8 3 4
8 0 4
8 5 5
8 1 5
8 9 2
8 6 2
8 2 2
8 4 2
4 7 1
4 3 2
4 0 2
4 5 3
4 1 2
4 9 3
4 6 1
4 2 2
4 8 2
