2
50
0 "Dracula"
1 "War and Peace"
2 "Alias Grace"
3 "Alice's Adventures in Wonderland"
4 "Icebreaker"
5 "Orlando"
6 "The Bell Jar"
7 "Rebecca"
8 "The Great Gatsby"
9 "The Mysterious Stranger"
10 "Lolita"
11 "The Hunger Games"
12 "Harry Potter and the Philosopher's Stone"
13 "1984 (adaptation)"
14 "Carrie"
15 "Twilight"
16 "The Handmaid's Tale"
17 "It Ends With Us"
18 "Jane Eyre"
19 "The Hobbit"
20 "Romeo and Juliet"
21 "The white album"
22 "The Raven"
23 "Diary of a Wimpy Kid"
24 "Sharp Objects"
25 "My Year of Rest and Relaxation"
26 "Circe"
27 "The Book Thief"
28 "I'm Thinking of Ending Things"
29 "Oliver Twist"
30 "The Da Vinci Code"
31 "The Goldfinch"
32 "Pride and Prejudice"
33 "The Picture of Dorian Gray"
34 "Fourth Wing"
35 "Book Lovers"
36 "The Secret History"
37 "The Woman Destroyed"
38 "White Night"
39 "Lady Chatterley's Lover"
40 "Normal People"
41 "Death on the Nile"
42 "Frankenstein or The Modern Prometheus"
43 "Throne of Glass"
44 "Little Women"
45 "War of Love"
46 "Finding Me"
47 "The Fault in Our Stars"
48 "I'm Glad My Mom Died"
49 "White women, race matters"
2450
20 32 17
20 42 16
20 29 7
20 22 0
20 18 0
20 44 10
20 1 5
20 3 11
20 33 10
20 0 14
20 39 6
20 23 3
20 9 2
20 8 14
20 5 6
20 19 8
20 41 4
20 7 10
20 10 5
20 6 5
20 37 2
20 14 3
20 21 0
20 16 9
20 36 2
20 49 0
20 45 2
20 2 3
20 12 8
20 27 3
20 13 3
20 30 6
20 15 8
20 24 2
20 38 2
20 11 6
20 47 4
20 17 2
20 43 2
20 31 2
20 28 3
20 40 3
20 26 3
20 25 2
20 4 0
20 48 0
20 35 1
20 46 0
20 34 1
32 20 17
32 42 19
32 29 15
32 22 0
32 18 1
32 44 37
32 1 13
32 3 17
32 33 18
32 0 18
32 39 17
32 23 8
32 9 4
32 8 23
32 5 10
32 19 11
32 41 9
32 7 14
32 10 13
32 6 5
32 37 3
32 14 5
32 21 0
32 16 9
32 36 5
32 49 0
32 45 4
32 2 6
32 12 16
32 27 9
32 13 6
32 30 11
32 15 11
32 24 6
32 38 3
32 11 17
32 47 13
32 17 4
32 43 7
32 31 8
32 28 5
32 40 6
32 26 4
32 25 3
32 4 2
32 48 0
32 35 2
32 46 0
32 34 2
42 20 16
42 32 19
42 29 20
42 22 0
42 18 0
42 44 17
42 1 11
42 3 24
42 33 22
42 0 36
42 39 11
42 23 6
42 9 3
42 8 19
42 5 11
42 19 19
42 41 11
42 7 8
42 10 9
42 6 7
42 37 2
42 14 10
42 21 1
42 16 11
42 36 5
42 49 0
42 45 3
42 2 7
42 12 13
42 27 11
42 13 8
42 30 6
42 15 14
42 24 6
42 38 3
42 11 11
42 47 9
42 17 2
42 43 6
42 31 8
42 28 5
42 40 3
42 26 4
42 25 2
42 4 1
42 48 0
42 35 1
42 46 1
42 34 2
29 20 7
29 32 15
29 42 20
29 22 0
29 18 0
29 44 18
29 1 10
29 3 15
29 33 10
29 0 9
29 39 5
29 23 5
29 9 2
29 8 8
29 5 6
29 19 7
29 41 7
29 7 5
29 10 2
29 6 3
29 37 2
29 14 3
29 21 1
29 16 2
29 36 1
29 49 1
29 45 2
29 2 4
29 12 9
29 27 7
29 13 5
29 30 2
29 15 4
29 24 3
29 38 2
29 11 6
29 47 4
29 17 1
29 43 4
29 31 4
29 28 1
29 40 2
29 26 2
29 25 1
29 4 1
29 48 0
29 35 1
29 46 0
29 34 1
22 20 0
22 32 0
22 42 0
22 29 0
22 18 0
22 44 0
22 1 0
22 3 1
22 33 1
22 0 0
22 39 0
22 23 0
22 9 0
22 8 0
22 5 0
22 19 0
22 41 0
22 7 0
22 10 0
22 6 1
22 37 0
22 14 1
22 21 1
22 16 0
22 36 0
22 49 0
22 45 0
22 2 0
22 12 1
22 27 1
22 13 0
22 30 0
22 15 0
22 24 0
22 38 0
22 11 0
22 47 1
22 17 0
22 43 0
22 31 0
22 28 0
22 40 0
22 26 0
22 25 0
22 4 0
22 48 1
22 35 0
22 46 0
22 34 0
18 20 0
18 32 1
18 42 0
18 29 0
18 22 0
18 44 1
18 1 0
18 3 0
18 33 0
18 0 0
18 39 0
18 23 0
18 9 0
18 8 0
18 5 1
18 19 0
18 41 0
18 7 0
18 10 0
18 6 1
18 37 1
18 14 0
18 21 0
18 16 1
18 36 0
18 49 1
18 45 0
18 2 0
18 12 0
18 27 0
18 13 0
18 30 0
18 15 0
18 24 0
18 38 0
18 11 0
18 47 0
18 17 1
18 43 0
18 31 0
18 28 0
18 40 0
18 26 0
18 25 1
18 4 0
18 48 0
18 35 0
18 46 1
18 34 0
44 20 10
44 32 37
44 42 17
44 29 18
44 22 0
44 18 1
44 1 13
44 3 26
44 33 13
44 0 19
44 39 15
44 23 8
44 9 5
44 8 19
44 5 11
44 19 12
44 41 11
44 7 8
44 10 11
44 6 11
44 37 3
44 14 9
44 21 0
44 16 7
44 36 8
44 49 0
44 45 4
44 2 7
44 12 14
44 27 13
44 13 4
44 30 9
44 15 16
44 24 8
44 38 3
44 11 16
44 47 15
44 17 3
44 43 6
44 31 13
44 28 4
44 40 2
44 26 5
44 25 3
44 4 3
44 48 3
44 35 2
44 46 0
44 34 3
1 20 5
1 32 13
1 42 11
1 29 10
1 22 0
1 18 0
1 44 13
1 3 11
1 33 9
1 0 8
1 39 9
1 23 2
1 9 5
1 8 14
1 5 8
1 19 7
1 41 6
1 7 5
1 10 9
1 6 5
1 37 4
1 14 5
1 21 1
1 16 5
1 36 4
1 49 1
1 45 3
1 2 6
1 12 7
1 27 8
1 13 2
1 30 4
1 15 6
1 24 5
1 38 3
1 11 5
1 47 4
1 17 1
1 43 4
1 31 4
1 28 4
1 40 1
1 26 4
1 25 1
1 4 0
1 48 0
1 35 1
1 46 0
1 34 1
3 20 11
3 32 17
3 42 24
3 29 15
3 22 1
3 18 0
3 44 26
3 1 11
3 33 18
3 0 20
3 39 11
3 23 7
3 9 5
3 8 16
3 5 10
3 19 25
3 41 6
3 7 6
3 10 7
3 6 5
3 37 3
3 14 7
3 21 0
3 16 10
3 36 7
3 49 0
3 45 3
3 2 5
3 12 23
3 27 13
3 13 10
3 30 5
3 15 20
3 24 7
3 38 5
3 11 14
3 47 13
3 17 2
3 43 11
3 31 8
3 28 5
3 40 3
3 26 5
3 25 2
3 4 2
3 48 1
3 35 1
3 46 1
3 34 3
33 20 10
33 32 18
33 42 22
33 29 10
33 22 1
33 18 0
33 44 13
33 1 9
33 3 18
33 0 18
33 39 11
33 23 4
33 9 4
33 8 16
33 5 12
33 19 14
33 41 6
33 7 10
33 10 8
33 6 5
33 37 2
33 14 7
33 21 0
33 16 10
33 36 5
33 49 0
33 45 3
33 2 6
33 12 12
33 27 6
33 13 4
33 30 7
33 15 9
33 24 7
33 38 5
33 11 6
33 47 8
33 17 2
33 43 7
33 31 5
33 28 7
33 40 3
33 26 5
33 25 1
33 4 0
33 48 0
33 35 1
33 46 0
33 34 2
0 20 14
0 32 18
0 42 36
0 29 9
0 22 0
0 18 0
0 44 19
0 1 8
0 3 20
0 33 18
0 39 10
0 23 6
0 9 4
0 8 19
0 5 10
0 19 17
0 41 9
0 7 7
0 10 7
0 6 7
0 37 1
0 14 9
0 21 0
0 16 11
0 36 7
0 49 0
0 45 3
0 2 5
0 12 15
0 27 8
0 13 7
0 30 6
0 15 16
0 24 6
0 38 5
0 11 10
0 47 6
0 17 1
0 43 8
0 31 7
0 28 5
0 40 2
0 26 5
0 25 3
0 4 0
0 48 0
0 35 1
0 46 0
0 34 2
39 20 6
39 32 17
39 42 11
39 29 5
39 22 0
39 18 0
39 44 15
39 1 9
39 3 11
39 33 11
39 0 10
39 23 3
39 9 3
39 8 18
39 5 11
39 19 8
39 41 8
39 7 11
39 10 13
39 6 3
39 37 1
39 14 5
39 21 0
39 16 7
39 36 5
39 49 0
39 45 4
39 2 5
39 12 8
39 27 6
39 13 3
39 30 7
39 15 7
39 24 6
39 38 3
39 11 6
39 47 9
39 17 3
39 43 4
39 31 6
39 28 5
39 40 4
39 26 2
39 25 2
39 4 2
39 48 0
39 35 2
39 46 0
39 34 3
23 20 3
23 32 8
23 42 6
23 29 5
23 22 0
23 18 0
23 44 8
23 1 2
23 3 7
23 33 4
23 0 6
23 39 3
23 9 1
23 8 4
23 5 1
23 19 6
23 41 3
23 7 1
23 10 2
23 6 2
23 37 1
23 14 2
23 21 0
23 16 3
23 36 1
23 49 0
23 45 2
23 2 2
23 12 8
23 27 4
23 13 1
23 30 3
23 15 10
23 24 3
23 38 2
23 11 5
23 47 7
23 17 1
23 43 3
23 31 4
23 28 1
23 40 1
23 26 1
23 25 1
23 4 2
23 48 0
23 35 1
23 46 0
23 34 1
9 20 2
9 32 4
9 42 3
9 29 2
9 22 0
9 18 0
9 44 5
9 1 5
9 3 5
9 33 4
9 0 4
9 39 3
9 23 1
9 8 8
9 5 5
9 19 4
9 41 2
9 7 3
9 10 3
9 6 3
9 37 2
9 14 1
9 21 0
9 16 3
9 36 2
9 49 0
9 45 2
9 2 3
9 12 4
9 27 1
9 13 2
9 30 3
9 15 3
9 24 2
9 38 3
9 11 1
9 47 1
9 17 1
9 43 3
9 31 1
9 28 2
9 40 1
9 26 4
9 25 1
9 4 0
9 48 0
9 35 1
9 46 0
9 34 2
8 20 14
8 32 23
8 42 19
8 29 8
8 22 0
8 18 0
8 44 19
8 1 14
8 3 16
8 33 16
8 0 19
8 39 18
8 23 4
8 9 8
8 5 11
8 19 15
8 41 8
8 7 15
8 10 15
8 6 10
8 37 1
8 14 9
8 21 0
8 16 10
8 36 9
8 49 0
8 45 4
8 2 5
8 12 14
8 27 8
8 13 3
8 30 10
8 15 21
8 24 5
8 38 4
8 11 14
8 47 14
8 17 4
8 43 7
8 31 11
8 28 6
8 40 4
8 26 5
8 25 3
8 4 2
8 48 1
8 35 2
8 46 0
8 34 4
5 20 6
5 32 10
5 42 11
5 29 6
5 22 0
5 18 1
5 44 11
5 1 8
5 3 10
5 33 12
5 0 10
5 39 11
5 23 1
5 9 5
5 8 11
5 19 9
5 41 5
5 7 4
5 10 6
5 6 3
5 37 3
5 14 3
5 21 0
5 16 6
5 36 4
5 49 0
5 45 2
5 2 7
5 12 8
5 27 7
5 13 3
5 30 6
5 15 5
5 24 5
5 38 3
5 11 3
5 47 4
5 17 2
5 43 5
5 31 4
5 28 4
5 40 2
5 26 4
5 25 2
5 4 0
5 48 0
5 35 1
5 46 0
5 34 3
19 20 8
19 32 11
19 42 19
19 29 7
19 22 0
19 18 0
19 44 12
19 1 7
19 3 25
19 33 14
19 0 17
19 39 8
19 23 6
19 9 4
19 8 15
19 5 9
19 41 7
19 7 7
19 10 6
19 6 4
19 37 1
19 14 9
19 21 0
19 16 9
19 36 5
19 49 0
19 45 3
19 2 5
19 12 19
19 27 9
19 13 5
19 30 7
19 15 18
19 24 6
19 38 6
19 11 13
19 47 10
19 17 1
19 43 9
19 31 6
19 28 4
19 40 2
19 26 4
19 25 1
19 4 0
19 48 0
19 35 1
19 46 0
19 34 4
41 20 4
41 32 9
41 42 11
41 29 7
41 22 0
41 18 0
41 44 11
41 1 6
41 3 6
41 33 6
41 0 9
41 39 8
41 23 3
41 9 2
41 8 8
41 5 5
41 19 7
41 7 4
41 10 6
41 6 3
41 37 1
41 14 4
41 21 1
41 16 3
41 36 6
41 49 0
41 45 4
41 2 7
41 12 6
41 27 6
41 13 3
41 30 10
41 15 7
41 24 8
41 38 4
41 11 4
41 47 4
41 17 2
41 43 3
41 31 6
41 28 3
41 40 3
41 26 3
41 25 1
41 4 1
41 48 0
41 35 2
41 46 0
41 34 3
7 20 10
7 32 14
7 42 8
7 29 5
7 22 0
7 18 0
7 44 8
7 1 5
7 3 6
7 33 10
7 0 7
7 39 11
7 23 1
7 9 3
7 8 15
7 5 4
7 19 7
7 41 4
7 10 7
7 6 2
7 37 1
7 14 3
7 21 0
7 16 2
7 36 1
7 49 0
7 45 2
7 2 1
7 12 9
7 27 1
7 13 2
7 30 8
7 15 3
7 24 2
7 38 1
7 11 5
7 47 5
7 17 3
7 43 1
7 31 2
7 28 2
7 40 4
7 26 1
7 25 1
7 4 1
7 48 0
7 35 2
7 46 0
7 34 2
10 20 5
10 32 13
10 42 9
10 29 2
10 22 0
10 18 0
10 44 11
10 1 9
10 3 7
10 33 8
10 0 7
10 39 13
10 23 2
10 9 3
10 8 15
10 5 6
10 19 6
10 41 6
10 7 7
10 6 4
10 37 3
10 14 6
10 21 0
10 16 7
10 36 6
10 49 0
10 45 4
10 2 5
10 12 5
10 27 6
10 13 2
10 30 6
10 15 9
10 24 6
10 38 3
10 11 7
10 47 13
10 17 3
10 43 5
10 31 6
10 28 5
10 40 4
10 26 2
10 25 2
10 4 2
10 48 0
10 35 2
10 46 0
10 34 3
6 20 5
6 32 5
6 42 7
6 29 3
6 22 1
6 18 1
6 44 11
6 1 5
6 3 5
6 33 5
6 0 7
6 39 3
6 23 2
6 9 3
6 8 10
6 5 3
6 19 4
6 41 3
6 7 2
6 10 4
6 37 1
6 14 3
6 21 0
6 16 2
6 36 6
6 49 1
6 45 2
6 2 2
6 12 3
6 27 3
6 13 2
6 30 2
6 15 3
6 24 2
6 38 2
6 11 4
6 47 4
6 17 1
6 43 3
6 31 3
6 28 3
6 40 2
6 26 2
6 25 4
6 4 0
6 48 1
6 35 2
6 46 0
6 34 1
37 20 2
37 32 3
37 42 2
37 29 2
37 22 0
37 18 1
37 44 3
37 1 4
37 3 3
37 33 2
37 0 1
37 39 1
37 23 1
37 9 2
37 8 1
37 5 3
37 19 1
37 41 1
37 7 1
37 10 3
37 6 1
37 14 1
37 21 0
37 16 2
37 36 1
37 49 0
37 45 1
37 2 2
37 12 1
37 27 2
37 13 1
37 30 1
37 15 1
37 24 1
37 38 1
37 11 1
37 47 1
37 17 2
37 43 1
37 31 1
37 28 1
37 40 1
37 26 1
37 25 2
37 4 0
37 48 0
37 35 1
37 46 0
37 34 1
14 20 3
14 32 5
14 42 10
14 29 3
14 22 1
14 18 0
14 44 9
14 1 5
14 3 7
14 33 7
14 0 9
14 39 5
14 23 2
14 9 1
14 8 9
14 5 3
14 19 9
14 41 4
14 7 3
14 10 6
14 6 3
14 37 1
14 21 0
14 16 3
14 36 5
14 49 0
14 45 2
14 2 4
14 12 5
14 27 6
14 13 1
14 30 5
14 15 8
14 24 5
14 38 2
14 11 6
14 47 6
14 17 1
14 43 3
14 31 6
14 28 2
14 40 1
14 26 1
14 25 1
14 4 0
14 48 1
14 35 1
14 46 0
14 34 2
21 20 0
21 32 0
21 42 1
21 29 1
21 22 1
21 18 0
21 44 0
21 1 1
21 3 0
21 33 0
21 0 0
21 39 0
21 23 0
21 9 0
21 8 0
21 5 0
21 19 0
21 41 1
21 7 0
21 10 0
21 6 0
21 37 0
21 14 0
21 16 0
21 36 0
21 49 2
21 45 0
21 2 0
21 12 0
21 27 0
21 13 0
21 30 0
21 15 0
21 24 0
21 38 0
21 11 0
21 47 0
21 17 0
21 43 0
21 31 0
21 28 0
21 40 0
21 26 0
21 25 0
21 4 0
21 48 0
21 35 0
21 46 0
21 34 0
16 20 9
16 32 9
16 42 11
16 29 2
16 22 0
16 18 1
16 44 7
16 1 5
16 3 10
16 33 10
16 0 11
16 39 7
16 23 3
16 9 3
16 8 10
16 5 6
16 19 9
16 41 3
16 7 2
16 10 7
16 6 2
16 37 2
16 14 3
16 21 0
16 36 5
16 49 0
16 45 3
16 2 5
16 12 10
16 27 5
16 13 7
16 30 4
16 15 10
16 24 6
16 38 5
16 11 9
16 47 6
16 17 4
16 43 8
16 31 6
16 28 6
16 40 3
16 26 5
16 25 4
16 4 0
16 48 1
16 35 1
16 46 1
16 34 2
36 20 2
36 32 5
36 42 5
36 29 1
36 22 0
36 18 0
36 44 8
36 1 4
36 3 7
36 33 5
36 0 7
36 39 5
36 23 1
36 9 2
36 8 9
36 5 4
36 19 5
36 41 6
36 7 1
36 10 6
36 6 6
36 37 1
36 14 5
36 21 0
36 16 5
36 49 0
36 45 2
36 2 5
36 12 5
36 27 6
36 13 2
36 30 5
36 15 7
36 24 6
36 38 2
36 11 7
36 47 5
36 17 2
36 43 6
36 31 7
36 28 6
36 40 3
36 26 3
36 25 3
36 4 0
36 48 1
36 35 1
36 46 1
36 34 1
49 20 0
49 32 0
49 42 0
49 29 1
49 22 0
49 18 1
49 44 0
49 1 1
49 3 0
49 33 0
49 0 0
49 39 0
49 23 0
49 9 0
49 8 0
49 5 0
49 19 0
49 41 0
49 7 0
49 10 0
49 6 1
49 37 0
49 14 0
49 21 2
49 16 0
49 36 0
49 45 0
49 2 0
49 12 0
49 27 0
49 13 0
49 30 0
49 15 0
49 24 0
49 38 0
49 11 0
49 47 0
49 17 0
49 43 0
49 31 0
49 28 0
49 40 0
49 26 0
49 25 0
49 4 0
49 48 0
49 35 0
49 46 0
49 34 0
45 20 2
45 32 4
45 42 3
45 29 2
45 22 0
45 18 0
45 44 4
45 1 3
45 3 3
45 33 3
45 0 3
45 39 4
45 23 2
45 9 2
45 8 4
45 5 2
45 19 3
45 41 4
45 7 2
45 10 4
45 6 2
45 37 1
45 14 2
45 21 0
45 16 3
45 36 2
45 49 0
45 2 3
45 12 3
45 27 2
45 13 2
45 30 3
45 15 4
45 24 3
45 38 3
45 11 2
45 47 3
45 17 3
45 43 2
45 31 2
45 28 2
45 40 3
45 26 2
45 25 1
45 4 1
45 48 0
45 35 3
45 46 0
45 34 2
2 20 3
2 32 6
2 42 7
2 29 4
2 22 0
2 18 0
2 44 7
2 1 6
2 3 5
2 33 6
2 0 5
2 39 5
2 23 2
2 9 3
2 8 5
2 5 7
2 19 5
2 41 7
2 7 1
2 10 5
2 6 2
2 37 2
2 14 4
2 21 0
2 16 5
2 36 5
2 49 0
2 45 3
2 12 4
2 27 7
2 13 2
2 30 7
2 15 4
2 24 6
2 38 3
2 11 3
2 47 4
2 17 1
2 43 4
2 31 4
2 28 4
2 40 2
2 26 4
2 25 2
2 4 0
2 48 0
2 35 1
2 46 0
2 34 2
12 20 8
12 32 16
12 42 13
12 29 9
12 22 1
12 18 0
12 44 14
12 1 7
12 3 23
12 33 12
12 0 15
12 39 8
12 23 8
12 9 4
12 8 14
12 5 8
12 19 19
12 41 6
12 7 9
12 10 5
12 6 3
12 37 1
12 14 5
12 21 0
12 16 10
12 36 5
12 49 0
12 45 3
12 2 4
12 27 8
12 13 4
12 30 10
12 15 22
12 24 6
12 38 7
12 11 18
12 47 12
12 17 2
12 43 11
12 31 7
12 28 5
12 40 3
12 26 7
12 25 2
12 4 1
12 48 1
12 35 1
12 46 1
12 34 2
27 20 3
27 32 9
27 42 11
27 29 7
27 22 1
27 18 0
27 44 13
27 1 8
27 3 13
27 33 6
27 0 8
27 39 6
27 23 4
27 9 1
27 8 8
27 5 7
27 19 9
27 41 6
27 7 1
27 10 6
27 6 3
27 37 2
27 14 6
27 21 0
27 16 5
27 36 6
27 49 0
27 45 2
27 2 7
27 12 8
27 13 1
27 30 7
27 15 11
27 24 6
27 38 2
27 11 11
27 47 14
27 17 2
27 43 7
27 31 8
27 28 5
27 40 3
27 26 4
27 25 3
27 4 0
27 48 3
27 35 1
27 46 1
27 34 3
13 20 3
13 32 6
13 42 8
13 29 5
13 22 0
13 18 0
13 44 4
13 1 2
13 3 10
13 33 4
13 0 7
13 39 3
13 23 1
13 9 2
13 8 3
13 5 3
13 19 5
13 41 3
13 7 2
13 10 2
13 6 2
13 37 1
13 14 1
13 21 0
13 16 7
13 36 2
13 49 0
13 45 2
13 2 2
13 12 4
13 27 1
13 30 2
13 15 4
13 24 2
13 38 2
13 11 3
13 47 1
13 17 1
13 43 2
13 31 1
13 28 2
13 40 1
13 26 2
13 25 1
13 4 0
13 48 0
13 35 1
13 46 0
13 34 1
30 20 6
30 32 11
30 42 6
30 29 2
30 22 0
30 18 0
30 44 9
30 1 4
30 3 5
30 33 7
30 0 6
30 39 7
30 23 3
30 9 3
30 8 10
30 5 6
30 19 7
30 41 10
30 7 8
30 10 6
30 6 2
30 37 1
30 14 5
30 21 0
30 16 4
30 36 5
30 49 0
30 45 3
30 2 7
30 12 10
30 27 7
30 13 2
30 15 8
30 24 8
30 38 4
30 11 10
30 47 5
30 17 1
30 43 3
30 31 7
30 28 5
30 40 2
30 26 3
30 25 2
30 4 0
30 48 0
30 35 1
30 46 0
30 34 2
15 20 8
15 32 11
15 42 14
15 29 4
15 22 0
15 18 0
15 44 16
15 1 6
15 3 20
15 33 9
15 0 16
15 39 7
15 23 10
15 9 3
15 8 21
15 5 5
15 19 18
15 41 7
15 7 3
15 10 9
15 6 3
15 37 1
15 14 8
15 21 0
15 16 10
15 36 7
15 49 0
15 45 4
15 2 4
15 12 22
15 27 11
15 13 4
15 30 8
15 24 6
15 38 5
15 11 17
15 47 19
15 17 4
15 43 10
15 31 9
15 28 5
15 40 4
15 26 4
15 25 2
15 4 2
15 48 1
15 35 2
15 46 1
15 34 4
24 20 2
24 32 6
24 42 6
24 29 3
24 22 0
24 18 0
24 44 8
24 1 5
24 3 7
24 33 7
24 0 6
24 39 6
24 23 3
24 9 2
24 8 5
24 5 5
24 19 6
24 41 8
24 7 2
24 10 6
24 6 2
24 37 1
24 14 5
24 21 0
24 16 6
24 36 6
24 49 0
24 45 3
24 2 6
24 12 6
24 27 6
24 13 2
24 30 8
24 15 6
24 38 4
24 11 5
24 47 6
24 17 2
24 43 7
24 31 7
24 28 6
24 40 2
24 26 3
24 25 2
24 4 0
24 48 1
24 35 1
24 46 1
24 34 2
38 20 2
38 32 3
38 42 3
38 29 2
38 22 0
38 18 0
38 44 3
38 1 3
38 3 5
38 33 5
38 0 5
38 39 3
38 23 2
38 9 3
38 8 4
38 5 3
38 19 6
38 41 4
38 7 1
38 10 3
38 6 2
38 37 1
38 14 2
38 21 0
38 16 5
38 36 2
38 49 0
38 45 3
38 2 3
38 12 7
38 27 2
38 13 2
38 30 4
38 15 5
38 24 4
38 11 3
38 47 2
38 17 1
38 43 4
38 31 2
38 28 2
38 40 1
38 26 3
38 25 1
38 4 0
38 48 0
38 35 1
38 46 0
38 34 2
11 20 6
11 32 17
11 42 11
11 29 6
11 22 0
11 18 0
11 44 16
11 1 5
11 3 14
11 33 6
11 0 10
11 39 6
11 23 5
11 9 1
11 8 14
11 5 3
11 19 13
11 41 4
11 7 5
11 10 7
11 6 4
11 37 1
11 14 6
11 21 0
11 16 9
11 36 7
11 49 0
11 45 2
11 2 3
11 12 18
11 27 11
11 13 3
11 30 10
11 15 17
11 24 5
11 38 3
11 47 15
11 17 2
11 43 11
11 31 10
11 28 4
11 40 2
11 26 2
11 25 3
11 4 0
11 48 1
11 35 1
11 46 1
11 34 2
47 20 4
47 32 13
47 42 9
47 29 4
47 22 1
47 18 0
47 44 15
47 1 4
47 3 13
47 33 8
47 0 6
47 39 9
47 23 7
47 9 1
47 8 14
47 5 4
47 19 10
47 41 4
47 7 5
47 10 13
47 6 4
47 37 1
47 14 6
47 21 0
47 16 6
47 36 5
47 49 0
47 45 3
47 2 4
47 12 12
47 27 14
47 13 1
47 30 5
47 15 19
47 24 6
47 38 2
47 11 15
47 17 4
47 43 7
47 31 9
47 28 5
47 40 4
47 26 2
47 25 3
47 4 2
47 48 2
47 35 2
47 46 1
47 34 4
17 20 2
17 32 4
17 42 2
17 29 1
17 22 0
17 18 1
17 44 3
17 1 1
17 3 2
17 33 2
17 0 1
17 39 3
17 23 1
17 9 1
17 8 4
17 5 2
17 19 1
17 41 2
17 7 3
17 10 3
17 6 1
17 37 2
17 14 1
17 21 0
17 16 4
17 36 2
17 49 0
17 45 3
17 2 1
17 12 2
17 27 2
17 13 1
17 30 1
17 15 4
17 24 2
17 38 1
17 11 2
17 47 4
17 43 3
17 31 2
17 28 3
17 40 6
17 26 2
17 25 4
17 4 1
17 48 1
17 35 3
17 46 1
17 34 2
43 20 2
43 32 7
43 42 6
43 29 4
43 22 0
43 18 0
43 44 6
43 1 4
43 3 11
43 33 7
43 0 8
43 39 4
43 23 3
43 9 3
43 8 7
43 5 5
43 19 9
43 41 3
43 7 1
43 10 5
43 6 3
43 37 1
43 14 3
43 21 0
43 16 8
43 36 6
43 49 0
43 45 2
43 2 4
43 12 11
43 27 7
43 13 2
43 30 3
43 15 10
43 24 7
43 38 4
43 11 11
43 47 7
43 17 3
43 31 4
43 28 5
43 40 2
43 26 4
43 25 2
43 4 0
43 48 1
43 35 1
43 46 1
43 34 3
31 20 2
31 32 8
31 42 8
31 29 4
31 22 0
31 18 0
31 44 13
31 1 4
31 3 8
31 33 5
31 0 7
31 39 6
31 23 4
31 9 1
31 8 11
31 5 4
31 19 6
31 41 6
31 7 2
31 10 6
31 6 3
31 37 1
31 14 6
31 21 0
31 16 6
31 36 7
31 49 0
31 45 2
31 2 4
31 12 7
31 27 8
31 13 1
31 30 7
31 15 9
31 24 7
31 38 2
31 11 10
31 47 9
31 17 2
31 43 4
31 28 5
31 40 5
31 26 4
31 25 4
31 4 1
31 48 1
31 35 1
31 46 1
31 34 2
28 20 3
28 32 5
28 42 5
28 29 1
28 22 0
28 18 0
28 44 4
28 1 4
28 3 5
28 33 7
28 0 5
28 39 5
28 23 1
28 9 2
28 8 6
28 5 4
28 19 4
28 41 3
28 7 2
28 10 5
28 6 3
28 37 1
28 14 2
28 21 0
28 16 6
28 36 6
28 49 0
28 45 2
28 2 4
28 12 5
28 27 5
28 13 2
28 30 5
28 15 5
28 24 6
28 38 2
28 11 4
28 47 5
28 17 3
28 43 5
28 31 5
28 40 4
28 26 4
28 25 4
28 4 0
28 48 1
28 35 1
28 46 1
28 34 1
40 20 3
40 32 6
40 42 3
40 29 2
40 22 0
40 18 0
40 44 2
40 1 1
40 3 3
40 33 3
40 0 2
40 39 4
40 23 1
40 9 1
40 8 4
40 5 2
40 19 2
40 41 3
40 7 4
40 10 4
40 6 2
40 37 1
40 14 1
40 21 0
40 16 3
40 36 3
40 49 0
40 45 3
40 2 2
40 12 3
40 27 3
40 13 1
40 30 2
40 15 4
40 24 2
40 38 1
40 11 2
40 47 4
40 17 6
40 43 2
40 31 5
40 28 4
40 26 4
40 25 3
40 4 1
40 48 1
40 35 3
40 46 1
40 34 2
26 20 3
26 32 4
26 42 4
26 29 2
26 22 0
26 18 0
26 44 5
26 1 4
26 3 5
26 33 5
26 0 5
26 39 2
26 23 1
26 9 4
26 8 5
26 5 4
26 19 4
26 41 3
26 7 1
26 10 2
26 6 2
26 37 1
26 14 1
26 21 0
26 16 5
26 36 3
26 49 0
26 45 2
26 2 4
26 12 7
26 27 4
26 13 2
26 30 3
26 15 4
26 24 3
26 38 3
26 11 2
26 47 2
26 17 2
26 43 4
26 31 4
26 28 4
26 40 4
26 25 4
26 4 0
26 48 1
26 35 1
26 46 1
26 34 2
25 20 2
25 32 3
25 42 2
25 29 1
25 22 0
25 18 1
25 44 3
25 1 1
25 3 2
25 33 1
25 0 3
25 39 2
25 23 1
25 9 1
25 8 3
25 5 2
25 19 1
25 41 1
25 7 1
25 10 2
25 6 4
25 37 2
25 14 1
25 21 0
25 16 4
25 36 3
25 49 0
25 45 1
25 2 2
25 12 2
25 27 3
25 13 1
25 30 2
25 15 2
25 24 2
25 38 1
25 11 3
25 47 3
25 17 4
25 43 2
25 31 4
25 28 4
25 40 3
25 26 4
25 4 0
25 48 1
25 35 1
25 46 1
25 34 1
4 20 0
4 32 2
4 42 1
4 29 1
4 22 0
4 18 0
4 44 3
4 1 0
4 3 2
4 33 0
4 0 0
4 39 2
4 23 2
4 9 0
4 8 2
4 5 0
4 19 0
4 41 1
4 7 1
4 10 2
4 6 0
4 37 0
4 14 0
4 21 0
4 16 0
4 36 0
4 49 0
4 45 1
4 2 0
4 12 1
4 27 0
4 13 0
4 30 0
4 15 2
4 24 0
4 38 0
4 11 0
4 47 2
4 17 1
4 43 0
4 31 1
4 28 0
4 40 1
4 26 0
4 25 0
4 48 0
4 35 1
4 46 0
4 34 1
48 20 0
48 32 0
48 42 0
48 29 0
48 22 1
48 18 0
48 44 3
48 1 0
48 3 1
48 33 0
48 0 0
48 39 0
48 23 0
48 9 0
48 8 1
48 5 0
48 19 0
48 41 0
48 7 0
48 10 0
48 6 1
48 37 0
48 14 1
48 21 0
48 16 1
48 36 1
48 49 0
48 45 0
48 2 0
48 12 1
48 27 3
48 13 0
48 30 0
48 15 1
48 24 1
48 38 0
48 11 1
48 47 2
48 17 1
48 43 1
48 31 1
48 28 1
48 40 1
48 26 1
48 25 1
48 4 0
48 35 0
48 46 3
48 34 0
35 20 1
35 32 2
35 42 1
35 29 1
35 22 0
35 18 0
35 44 2
35 1 1
35 3 1
35 33 1
35 0 1
35 39 2
35 23 1
35 9 1
35 8 2
35 5 1
35 19 1
35 41 2
35 7 2
35 10 2
35 6 2
35 37 1
35 14 1
35 21 0
35 16 1
35 36 1
35 49 0
35 45 3
35 2 1
35 12 1
35 27 1
35 13 1
35 30 1
35 15 2
35 24 1
35 38 1
35 11 1
35 47 2
35 17 3
35 43 1
35 31 1
35 28 1
35 40 3
35 26 1
35 25 1
35 4 1
35 48 0
35 46 0
35 34 2
46 20 0
46 32 0
46 42 1
46 29 0
46 22 0
46 18 1
46 44 0
46 1 0
46 3 1
46 33 0
46 0 0
46 39 0
46 23 0
46 9 0
46 8 0
46 5 0
46 19 0
46 41 0
46 7 0
46 10 0
46 6 0
46 37 0
46 14 0
46 21 0
46 16 1
46 36 1
46 49 0
46 45 0
46 2 0
46 12 1
46 27 1
46 13 0
46 30 0
46 15 1
46 24 1
46 38 0
46 11 1
46 47 1
46 17 1
46 43 1
46 31 1
46 28 1
46 40 1
46 26 1
46 25 1
46 4 0
46 48 3
46 35 0
46 34 0
34 20 1
34 32 2
34 42 2
34 29 1
34 22 0
34 18 0
34 44 3
34 1 1
34 3 3
34 33 2
34 0 2
34 39 3
34 23 1
34 9 2
34 8 4
34 5 3
34 19 4
34 41 3
34 7 2
34 10 3
34 6 1
34 37 1
34 14 2
34 21 0
34 16 2
34 36 1
34 49 0
34 45 2
34 2 2
34 12 2
34 27 3
34 13 1
34 30 2
34 15 4
34 24 2
34 38 2
34 11 2
34 47 4
34 17 2
34 43 3
34 31 2
34 28 1
34 40 2
34 26 2
34 25 1
34 4 1
34 48 0
34 35 2
34 46 0