2
50
0 "Twilight"
1 "The Hunger Games"
2 "The Goldfinch"
3 "Oliver Twist"
4 "Normal People"
5 "Carrie"
6 "The Mysterious Stranger"
7 "The Bell Jar"
8 "The Picture of Dorian Gray"
9 "The Secret History"
10 "1984 (adaptation)"
11 "Icebreaker"
12 "War of Love"
13 "Diary of a Wimpy Kid"
14 "Circe"
15 "Finding Me"
16 "I'm Thinking of Ending Things"
17 "I'm Glad My Mom Died"
18 "It Ends With Us"
19 "The Woman Destroyed"
20 "The Da Vinci Code"
21 "Dracula"
22 "Little Women"
23 "Orlando"
24 "Alice's Adventures in Wonderland"
25 "Jane Eyre"
26 "White women, race matters"
27 "Lady Chatterley's Lover"
28 "The Raven"
29 "Pride and Prejudice"
30 "The Great Gatsby"
31 "Fourth Wing"
32 "Harry Potter and the Philosopher's Stone"
33 "Lolita"
34 "Throne of Glass"
35 "My Year of Rest and Relaxation"
36 "Death on the Nile"
37 "White Night"
38 "Alias Grace"
39 "Romeo and Juliet"
40 "The Handmaid's Tale"
41 "The white album"
42 "War and Peace"
43 "Book Lovers"
44 "The Hobbit"
45 "The Fault in Our Stars"
46 "Rebecca"
47 "The Book Thief"
48 "Sharp Objects"
49 "Frankenstein or The Modern Prometheus"
988
0 1 17
0 2 9
0 3 4
0 4 4
0 5 8
0 6 3
0 7 3
0 8 9
0 9 7
0 10 4
0 11 2
0 12 4
0 13 10
0 14 4
0 15 1
0 16 5
0 17 1
0 18 4
0 19 1
0 20 8
0 21 16
0 22 16
0 23 5
0 24 20
0 27 7
0 29 11
0 30 21
0 31 4
0 32 22
0 33 9
0 34 10
0 35 2
0 36 7
0 37 5
0 38 4
0 39 8
0 40 10
0 42 6
0 43 2
0 44 18
0 45 19
0 46 3
0 47 11
0 48 6
0 49 14
1 2 10
1 3 6
1 4 2
1 5 6
1 6 1
1 7 4
1 8 6
1 9 7
1 10 3
1 12 2
1 13 5
1 14 2
1 15 1
1 16 4
1 17 1
1 18 2
1 19 1
1 20 10
1 21 10
1 22 16
1 23 3
1 24 14
1 27 6
1 29 17
1 30 14
1 31 2
1 32 18
1 33 7
1 34 11
1 35 3
1 36 4
1 37 3
1 38 3
1 39 6
1 40 9
1 42 5
1 43 1
1 44 13
1 45 15
1 46 5
1 47 11
1 48 5
1 49 11
2 3 4
2 4 5
2 5 6
2 6 1
2 7 3
2 8 5
2 9 7
2 10 1
2 11 1
2 12 2
2 13 4
2 14 4
2 15 1
2 16 5
2 17 1
2 18 2
2 19 1
2 20 7
2 21 7
2 22 13
2 23 4
2 24 8
2 27 6
2 29 8
2 30 11
2 31 2
2 32 7
2 33 6
2 34 4
2 35 4
2 36 6
2 37 2
2 38 4
2 39 2
2 40 6
2 42 4
2 43 1
2 44 6
2 45 9
2 46 2
2 47 8
2 48 7
2 49 8
3 4 2
3 5 3
3 6 2
3 7 3
3 8 10
3 9 1
3 10 5
3 11 1
3 12 2
3 13 5
3 14 2
3 16 1
3 18 1
3 19 2
3 20 2
3 21 9
3 22 18
3 23 6
3 24 15
3 26 1
3 27 5
3 29 15
3 30 8
3 31 1
3 32 9
3 33 2
3 34 4
3 35 1
3 36 7
3 37 2
3 38 4
3 39 7
3 40 2
3 41 1
3 42 10
3 43 1
3 44 7
3 45 4
3 46 5
3 47 7
3 48 3
3 49 20
4 5 1
4 6 1
4 7 2
4 8 3
4 9 3
4 10 1
4 11 1
4 12 3
4 13 1
4 14 4
4 15 1
4 16 4
4 17 1
4 18 6
4 19 1
4 20 2
4 21 2
4 22 2
4 23 2
4 24 3
4 27 4
4 29 6
4 30 4
4 31 2
4 32 3
4 33 4
4 34 2
4 35 3
4 36 3
4 37 1
4 38 2
4 39 3
4 40 3
4 42 1
4 43 3
4 44 2
4 45 4
4 46 4
4 47 3
4 48 2
4 49 3
5 6 1
5 7 3
5 8 7
5 9 5
5 10 1
5 12 2
5 13 2
5 14 1
5 16 2
5 17 1
5 18 1
5 19 1
5 20 5
5 21 9
5 22 9
5 23 3
5 24 7
5 27 5
5 28 1
5 29 5
5 30 9
5 31 2
5 32 5
5 33 6
5 34 3
5 35 1
5 36 4
5 37 2
5 38 4
5 39 3
5 40 3
5 42 5
5 43 1
5 44 9
5 45 6
5 46 3
5 47 6
5 48 5
5 49 10
6 7 3
6 8 4
6 9 2
6 10 2
6 12 2
6 13 1
6 14 4
6 16 2
6 18 1
6 19 2
6 20 3
6 21 4
6 22 5
6 23 5
6 24 5
6 27 3
6 29 4
6 30 8
6 31 2
6 32 4
6 33 3
6 34 3
6 35 1
6 36 2
6 37 3
6 38 3
6 39 2
6 40 3
6 42 5
6 43 1
6 44 4
6 45 1
6 46 3
6 47 1
6 48 2
6 49 3
7 8 5
7 9 6
7 10 2
7 12 2
7 13 2
7 14 2
7 16 3
7 17 1
7 18 1
7 19 1
7 20 2
7 21 7
7 22 11
7 23 3
7 24 5
7 25 1
7 26 1
7 27 3
7 28 1
7 29 5
7 30 10
7 31 1
7 32 3
7 33 4
7 34 3
7 35 4
7 36 3
7 37 2
7 38 2
7 39 5
7 40 2
7 42 5
7 43 2
7 44 4
7 45 4
7 46 2
7 47 3
7 48 2
7 49 7
8 9 5
8 10 4
8 12 3
8 13 4
8 14 5
8 16 7
8 18 2
8 19 2
8 20 7
8 21 18
8 22 13
8 23 12
8 24 18
8 27 11
8 28 1
8 29 18
8 30 16
8 31 2
8 32 12
8 33 8
8 34 7
8 35 1
8 36 6
8 37 5
8 38 6
8 39 10
8 40 10
8 42 9
8 43 1
8 44 14
8 45 8
8 46 10
8 47 6
8 48 7
8 49 22
9 10 2
9 12 2
9 13 1
9 14 3
9 15 1
9 16 6
9 17 1
9 18 2
9 19 1
9 20 5
9 21 7
9 22 8
9 23 4
9 24 7
9 27 5
9 29 5
9 30 9
9 31 1
9 32 5
9 33 6
9 34 6
9 35 3
9 36 6
9 37 2
9 38 5
9 39 2
9 40 5
9 42 4
9 43 1
9 44 5
9 45 5
9 46 1
9 47 6
9 48 6
9 49 5
10 12 2
10 13 1
10 14 2
10 16 2
10 18 1
10 19 1
10 20 2
10 21 7
10 22 4
10 23 3
10 24 10
10 27 3
10 29 6
10 30 3
10 31 1
10 32 4
10 33 2
10 34 2
10 35 1
10 36 3
10 37 2
10 38 2
10 39 3
10 40 7
10 42 2
10 43 1
10 44 5
10 45 1
10 46 2
10 47 1
10 48 2
10 49 8
11 12 1
11 13 2
11 18 1
11 22 3
11 24 2
11 27 2
11 29 2
11 30 2
11 31 1
11 32 1
11 33 2
11 36 1
11 43 1
11 45 2
11 46 1
11 49 1
12 13 2
12 14 2
12 16 2
12 18 3
12 19 1
12 20 3
12 21 3
12 22 4
12 23 2
12 24 3
12 27 4
12 29 4
12 30 4
12 31 2
12 32 3
12 33 4
12 34 2
12 35 1
12 36 4
12 37 3
12 38 3
12 39 2
12 40 3
12 42 3
12 43 3
12 44 3
12 45 3
12 46 2
12 47 2
12 48 3
12 49 3
13 14 1
13 16 1
13 18 1
13 19 1
13 20 3
13 21 6
13 22 8
13 23 1
13 24 7
13 27 3
13 29 8
13 30 4
13 31 1
13 32 8
13 33 2
13 34 3
13 35 1
13 36 3
13 37 2
13 38 2
13 39 3
13 40 3
13 42 2
13 43 1
13 44 6
13 45 7
13 46 1
13 47 4
13 48 3
13 49 6
14 15 1
14 16 4
14 17 1
14 18 2
14 19 1
14 20 3
14 21 5
14 22 5
14 23 4
14 24 5
14 27 2
14 29 4
14 30 5
14 31 2
14 32 7
14 33 2
14 34 4
14 35 4
14 36 3
14 37 3
14 38 4
14 39 3
14 40 5
14 42 4
14 43 1
14 44 4
14 45 2
14 46 1
14 47 4
14 48 3
14 49 4
15 16 1
15 17 3
15 18 1
15 24 1
15 25 1
15 32 1
15 34 1
15 35 1
15 40 1
15 45 1
15 47 1
15 48 1
15 49 1
16 17 1
16 18 3
16 19 1
16 20 5
16 21 5
16 22 4
16 23 4
16 24 5
16 27 5
16 29 5
16 30 6
16 31 1
16 32 5
16 33 5
16 34 5
16 35 4
16 36 3
16 37 2
16 38 4
16 39 3
16 40 6
16 42 4
16 43 1
16 44 4
16 45 5
16 46 2
16 47 5
16 48 6
16 49 5
17 18 1
17 22 3
17 24 1
17 28 1
17 30 1
17 32 1
17 34 1
17 35 1
17 40 1
17 45 2
17 47 3
17 48 1
18 19 2
18 20 1
18 21 1
18 22 3
18 23 2
18 24 2
18 25 1
18 27 3
18 29 4
18 30 4
18 31 2
18 32 2
18 33 3
18 34 3
18 35 4
18 36 2
18 37 1
18 38 1
18 39 2
18 40 4
18 42 1
18 43 3
18 44 1
18 45 4
18 46 3
18 47 2
18 48 2
18 49 2
19 20 1
19 21 1
19 22 3
19 23 3
19 24 3
19 25 1
19 27 1
19 29 3
19 30 1
19 31 1
19 32 1
19 33 3
19 34 1
19 35 2
19 36 1
19 37 1
19 38 2
19 39 2
19 40 2
19 42 4
19 43 1
19 44 1
19 45 1
19 46 1
19 47 2
19 48 1
19 49 2
20 21 6
20 22 9
20 23 6
20 24 5
20 27 7
20 29 11
20 30 10
20 31 2
20 32 10
20 33 6
20 34 3
20 35 2
20 36 10
20 37 4
20 38 7
20 39 6
20 40 4
20 42 4
20 43 1
20 44 7
20 45 5
20 46 8
20 47 7
20 48 8
20 49 6
21 22 19
21 23 10
21 24 20
21 27 10
21 29 18
21 30 19
21 31 2
21 32 15
21 33 7
21 34 8
21 35 3
21 36 9
21 37 5
21 38 5
21 39 14
21 40 11
21 42 8
21 43 1
21 44 17
21 45 6
21 46 7
21 47 8
21 48 6
21 49 36
22 23 11
22 24 26
22 25 1
22 27 15
22 29 37
22 30 19
22 31 3
22 32 14
22 33 11
22 34 6
22 35 3
22 36 11
22 37 3
22 38 7
22 39 10
22 40 7
22 42 13
22 43 2
22 44 12
22 45 15
22 46 8
22 47 13
22 48 8
22 49 17
23 24 10
23 25 1
23 27 11
23 29 10
23 30 11
23 31 3
23 32 8
23 33 6
23 34 5
23 35 2
23 36 5
23 37 3
23 38 7
23 39 6
23 40 6
23 42 8
23 43 1
23 44 9
23 45 4
23 46 4
23 47 7
23 48 5
23 49 11
24 27 11
24 28 1
24 29 17
24 30 16
24 31 3
24 32 23
24 33 7
24 34 11
24 35 2
24 36 6
24 37 5
24 38 5
24 39 11
24 40 10
24 42 11
24 43 1
24 44 25
24 45 13
24 46 6
24 47 13
24 48 7
24 49 24
25 26 1
25 29 1
25 35 1
25 40 1
26 41 2
26 42 1
27 29 17
27 30 18
27 31 3
27 32 8
27 33 13
27 34 4
27 35 2
27 36 8
27 37 3
27 38 5
27 39 6
27 40 7
27 42 9
27 43 2
27 44 8
27 45 9
27 46 11
27 47 6
27 48 6
27 49 11
28 32 1
28 41 1
28 45 1
28 47 1
29 30 23
29 31 2
29 32 16
29 33 13
29 34 7
29 35 3
29 36 9
29 37 3
29 38 6
29 39 17
29 40 9
29 42 13
29 43 2
29 44 11
29 45 13
29 46 14
29 47 9
29 48 6
29 49 19
30 31 4
30 32 14
30 33 15
30 34 7
30 35 3
30 36 8
30 37 4
30 38 5
30 39 14
30 40 10
30 42 14
30 43 2
30 44 15
30 45 14
30 46 15
30 47 8
30 48 5
30 49 19
31 32 2
31 33 3
31 34 3
31 35 1
31 36 3
31 37 2
31 38 2
31 39 1
31 40 2
31 42 1
31 43 2
31 44 4
31 45 4
31 46 2
31 47 3
31 48 2
31 49 2
32 33 5
32 34 11
32 35 2
32 36 6
32 37 7
32 38 4
32 39 8
32 40 10
32 42 7
32 43 1
32 44 19
32 45 12
32 46 9
32 47 8
32 48 6
32 49 13
33 34 5
33 35 2
33 36 6
33 37 3
33 38 5
33 39 5
33 40 7
33 42 9
33 43 2
33 44 6
33 45 13
33 46 7
33 47 6
33 48 6
33 49 9
34 35 2
34 36 3
34 37 4
34 38 4
34 39 2
34 40 8
34 42 4
34 43 1
34 44 9
34 45 7
34 46 1
34 47 7
34 48 7
34 49 6
35 36 1
35 37 1
35 38 2
35 39 2
35 40 4
35 42 1
35 43 1
35 44 1
35 45 3
35 46 1
35 47 3
35 48 2
35 49 2
36 37 4
36 38 7
36 39 4
36 40 3
36 41 1
36 42 6
36 43 2
36 44 7
36 45 4
36 46 4
36 47 6
36 48 8
36 49 11
37 38 3
37 39 2
37 40 5
37 42 3
37 43 1
37 44 6
37 45 2
37 46 1
37 47 2
37 48 4
37 49 3
38 39 3
38 40 5
38 42 6
38 43 1
38 44 5
38 45 4
38 46 1
38 47 7
38 48 6
38 49 7
39 40 9
39 42 5
39 43 1
39 44 8
39 45 4
39 46 10
39 47 3
39 48 2
39 49 16
40 42 5
40 43 1
40 44 9
40 45 6
40 46 2
40 47 5
40 48 6
40 49 11
41 42 1
41 49 1
42 43 1
42 44 7
42 45 4
42 46 5
42 47 8
42 48 5
42 49 11
43 44 1
43 45 2
43 46 2
43 47 1
43 48 1
43 49 1
44 45 10
44 46 7
44 47 9
44 48 6
44 49 19
45 46 5
45 47 14
45 48 6
45 49 9
46 47 1
46 48 2
46 49 8
47 48 6
47 49 11
48 49 6
