0 17 16 7 0 0 10 5 11 10 14 6 3 2 14 6 8 4 10 5 5 2 3 0 9 2 0 2 3 8 3 3 6 8 2 2 6 4 2 2 2 3 3 3 2 0 0 1 0 1
17 0 19 15 0 1 37 13 17 18 18 17 8 4 23 10 11 9 14 13 5 3 5 0 9 5 0 4 6 16 9 6 11 11 6 3 17 13 4 7 8 5 6 4 3 2 0 2 0 2
16 19 0 20 0 0 17 11 24 22 36 11 6 3 19 11 19 11 8 9 7 2 10 1 11 5 0 3 7 13 11 8 6 14 6 3 11 9 2 6 8 5 3 4 2 1 0 1 1 2
7 15 20 0 0 0 18 10 15 10 9 5 5 2 8 6 7 7 5 2 3 2 3 1 2 1 1 2 4 9 7 5 2 4 3 2 6 4 1 4 4 1 2 2 1 1 0 1 0 1
0 0 0 0 0 0 0 0 1 1 0 0 0 0 0 0 0 0 0 0 1 0 1 1 0 0 0 0 0 1 1 0 0 0 0 0 0 1 0 0 0 0 0 0 0 0 1 0 0 0
0 1 0 0 0 0 1 0 0 0 0 0 0 0 0 1 0 0 0 0 1 1 0 0 1 0 1 0 0 0 0 0 0 0 0 0 0 0 1 0 0 0 0 0 1 0 0 0 1 0
10 37 17 18 0 1 0 13 26 13 19 15 8 5 19 11 12 11 8 11 11 3 9 0 7 8 0 4 7 14 13 4 9 16 8 3 16 15 3 6 13 4 2 5 3 3 3 2 0 3
5 13 11 10 0 0 13 0 11 9 8 9 2 5 14 8 7 6 5 9 5 4 5 1 5 4 1 3 6 7 8 2 4 6 5 3 5 4 1 4 4 4 1 4 1 0 0 1 0 1
11 17 24 15 1 0 26 11 0 18 20 11 7 5 16 10 25 6 6 7 5 3 7 0 10 7 0 3 5 23 13 10 5 20 7 5 14 13 2 11 8 5 3 5 2 2 1 1 1 3
10 18 22 10 1 0 13 9 18 0 18 11 4 4 16 12 14 6 10 8 5 2 7 0 10 5 0 3 6 12 6 4 7 9 7 5 6 8 2 7 5 7 3 5 1 0 0 1 0 2
14 18 36 9 0 0 19 8 20 18 0 10 6 4 19 10 17 9 7 7 7 1 9 0 11 7 0 3 5 15 8 7 6 16 6 5 10 6 1 8 7 5 2 5 3 0 0 1 0 2
6 17 11 5 0 0 15 9 11 11 10 0 3 3 18 11 8 8 11 13 3 1 5 0 7 5 0 4 5 8 6 3 7 7 6 3 6 9 3 4 6 5 4 2 2 2 0 2 0 3
3 8 6 5 0 0 8 2 7 4 6 3 0 1 4 1 6 3 1 2 2 1 2 0 3 1 0 2 2 8 4 1 3 10 3 2 5 7 1 3 4 1 1 1 1 2 0 1 0 1
2 4 3 2 0 0 5 5 5 4 4 3 1 0 8 5 4 2 3 3 3 2 1 0 3 2 0 2 3 4 1 2 3 3 2 3 1 1 1 3 1 2 1 4 1 0 0 1 0 2
14 23 19 8 0 0 19 14 16 16 19 18 4 8 0 11 15 8 15 15 10 1 9 0 10 9 0 4 5 14 8 3 10 21 5 4 14 14 4 7 11 6 4 5 3 2 1 2 0 4
6 10 11 6 0 1 11 8 10 12 10 11 1 5 11 0 9 5 4 6 3 3 3 0 6 4 0 2 7 8 7 3 6 5 5 3 3 4 2 5 4 4 2 4 2 0 0 1 0 3
8 11 19 7 0 0 12 7 25 14 17 8 6 4 15 9 0 7 7 6 4 1 9 0 9 5 0 3 5 19 9 5 7 18 6 6 13 10 1 9 6 4 2 4 1 0 0 1 0 4
4 9 11 7 0 0 11 6 6 6 9 8 3 2 8 5 7 0 4 6 3 1 4 1 3 6 0 4 7 6 6 3 10 7 8 4 4 4 2 3 6 3 3 3 1 1 0 2 0 3
10 14 8 5 0 0 8 5 6 10 7 11 1 3 15 4 7 4 0 7 2 1 3 0 2 1 0 2 1 9 1 2 8 3 2 1 5 5 3 1 2 2 4 1 1 1 0 2 0 2
5 13 9 2 0 0 11 9 7 8 7 13 2 3 15 6 6 6 7 0 4 3 6 0 7 6 0 4 5 5 6 2 6 9 6 3 7 13 3 5 6 5 4 2 2 2 0 2 0 3
5 5 7 3 1 1 11 5 5 5 7 3 2 3 10 3 4 3 2 4 0 1 3 0 2 6 1 2 2 3 3 2 2 3 2 2 4 4 1 3 3 3 2 2 4 0 1 2 0 1
2 3 2 2 0 1 3 4 3 2 1 1 1 2 1 3 1 1 1 3 1 0 1 0 2 1 0 1 2 1 2 1 1 1 1 1 1 1 2 1 1 1 1 1 2 0 0 1 0 1
3 5 10 3 1 0 9 5 7 7 9 5 2 1 9 3 9 4 3 6 3 1 0 0 3 5 0 2 4 5 6 1 5 8 5 2 6 6 1 3 6 2 1 1 1 0 1 1 0 2
0 0 1 1 1 0 0 1 0 0 0 0 0 0 0 0 0 1 0 0 0 0 0 0 0 0 2 0 0 0 0 0 0 0 0 0 0 0 0 0 0 0 0 0 0 0 0 0 0 0
9 9 11 2 0 1 7 5 10 10 11 7 3 3 10 6 9 3 2 7 2 2 3 0 0 5 0 3 5 10 5 7 4 10 6 5 9 6 4 8 6 6 3 5 4 0 1 1 1 2
2 5 5 1 0 0 8 4 7 5 7 5 1 2 9 4 5 6 1 6 6 1 5 0 5 0 0 2 5 5 6 2 5 7 6 2 7 5 2 6 7 6 3 3 3 0 1 1 1 1
0 0 0 1 0 1 0 1 0 0 0 0 0 0 0 0 0 0 0 0 1 0 0 2 0 0 0 0 0 0 0 0 0 0 0 0 0 0 0 0 0 0 0 0 0 0 0 0 0 0
2 4 3 2 0 0 4 3 3 3 3 4 2 2 4 2 3 4 2 4 2 1 2 0 3 2 0 0 3 3 2 2 3 4 3 3 2 3 3 2 2 2 3 2 1 1 0 3 0 2
3 6 7 4 0 0 7 6 5 6 5 5 2 3 5 7 5 7 1 5 2 2 4 0 5 5 0 3 0 4 7 2 7 4 6 3 3 4 1 4 4 4 2 4 2 0 0 1 0 2
8 16 13 9 1 0 14 7 23 12 15 8 8 4 14 8 19 6 9 5 3 1 5 0 10 5 0 3 4 0 8 4 10 22 6 7 18 12 2 11 7 5 3 7 2 1 1 1 1 2
3 9 11 7 1 0 13 8 13 6 8 6 4 1 8 7 9 6 1 6 3 2 6 0 5 6 0 2 7 8 0 1 7 11 6 2 11 14 2 7 8 5 3 4 3 0 3 1 1 3
3 6 8 5 0 0 4 2 10 4 7 3 1 2 3 3 5 3 2 2 2 1 1 0 7 2 0 2 2 4 1 0 2 4 2 2 3 1 1 2 1 2 1 2 1 0 0 1 0 1
6 11 6 2 0 0 9 4 5 7 6 7 3 3 10 6 7 10 8 6 2 1 5 0 4 5 0 3 7 10 7 2 0 8 8 4 10 5 1 3 7 5 2 3 2 0 0 1 0 2
8 11 14 4 0 0 16 6 20 9 16 7 10 3 21 5 18 7 3 9 3 1 8 0 10 7 0 4 4 22 11 4 8 0 6 5 17 19 4 10 9 5 4 4 2 2 1 2 1 4
2 6 6 3 0 0 8 5 7 7 6 6 3 2 5 5 6 8 2 6 2 1 5 0 6 6 0 3 6 6 6 2 8 6 0 4 5 6 2 7 7 6 2 3 2 0 1 1 1 2
2 3 3 2 0 0 3 3 5 5 5 3 2 3 4 3 6 4 1 3 2 1 2 0 5 2 0 3 3 7 2 2 4 5 4 0 3 2 1 4 2 2 1 3 1 0 0 1 0 2
6 17 11 6 0 0 16 5 14 6 10 6 5 1 14 3 13 4 5 7 4 1 6 0 9 7 0 2 3 18 11 3 10 17 5 3 0 15 2 11 10 4 2 2 3 0 1 1 1 2
4 13 9 4 1 0 15 4 13 8 6 9 7 1 14 4 10 4 5 13 4 1 6 0 6 5 0 3 4 12 14 1 5 19 6 2 15 0 4 7 9 5 4 2 3 2 2 2 1 4
2 4 2 1 0 1 3 1 2 2 1 3 1 1 4 2 1 2 3 3 1 2 1 0 4 2 0 3 1 2 2 1 1 4 2 1 2 4 0 3 2 3 6 2 4 1 1 3 1 2
2 7 6 4 0 0 6 4 11 7 8 4 3 3 7 5 9 3 1 5 3 1 3 0 8 6 0 2 4 11 7 2 3 10 7 4 11 7 3 0 4 5 2 4 2 0 1 1 1 3
2 8 8 4 0 0 13 4 8 5 7 6 4 1 11 4 6 6 2 6 3 1 6 0 6 7 0 2 4 7 8 1 7 9 7 2 10 9 2 4 0 5 5 4 4 1 1 1 1 2
3 5 5 1 0 0 4 4 5 7 5 5 1 2 6 4 4 3 2 5 3 1 2 0 6 6 0 2 4 5 5 2 5 5 6 2 4 5 3 5 5 0 4 4 4 0 1 1 1 1
3 6 3 2 0 0 2 1 3 3 2 4 1 1 4 2 2 3 4 4 2 1 1 0 3 3 0 3 2 3 3 1 2 4 2 1 2 4 6 2 5 4 0 4 3 1 1 3 1 2
3 4 4 2 0 0 5 4 5 5 5 2 1 4 5 4 4 3 1 2 2 1 1 0 5 3 0 2 4 7 4 2 3 4 3 3 2 2 2 4 4 4 4 0 4 0 1 1 1 2
2 3 2 1 0 1 3 1 2 1 3 2 1 1 3 2 1 1 1 2 4 2 1 0 4 3 0 1 2 2 3 1 2 2 2 1 3 3 4 2 4 4 3 4 0 0 1 1 1 1
0 2 1 1 0 0 3 0 2 0 0 2 2 0 2 0 0 1 1 2 0 0 0 0 0 0 0 1 0 1 0 0 0 2 0 0 0 2 1 0 1 0 1 0 0 0 0 1 0 1
0 0 0 0 1 0 3 0 1 0 0 0 0 0 1 0 0 0 0 0 1 0 1 0 1 1 0 0 0 1 3 0 0 1 1 0 1 2 1 1 1 1 1 1 1 0 0 0 3 0
1 2 1 1 0 0 2 1 1 1 1 2 1 1 2 1 1 2 2 2 2 1 1 0 1 1 0 3 1 1 1 1 1 2 1 1 1 2 3 1 1 1 3 1 1 1 0 0 0 2
0 0 1 0 0 1 0 0 1 0 0 0 0 0 0 0 0 0 0 0 0 0 0 0 1 1 0 0 0 1 1 0 0 1 1 0 1 1 1 1 1 1 1 1 1 0 3 0 0 0
1 2 2 1 0 0 3 1 3 2 2 3 1 2 4 3 4 3 2 3 1 1 2 0 2 1 0 2 2 2 3 1 2 4 2 2 2 4 2 3 2 1 2 2 1 1 0 2 0 0
